0.0332749562172
0.0138248847926
0.0344827586207
0.54375
0.00673400673401
0.0414634146341
0.00983606557377
0.0194174757282
0.0524193548387
0.0281690140845
0.00609756097561
0.049504950495
0.16959798995
0.0940288263555
0.00877192982456
0.0672413793103
0.035175879397
0.138888888889
0.00480769230769
0.0277777777778
0.00514403292181
0.0394473732049
0.00157977883096
0.281767955801
0.0752577319588
0.0289855072464
0.0227272727273
0.059880239521
0.0191082802548
0.138766519824
0.0512820512821
0.0578947368421
0.0289855072464
0.166071428571
0.135477582846
0.0418848167539
0.0
0.0264817150063
0.0294117647059
0.0148475120385
0.0240937936969
0.0715738104921
0.0
0.00752702887642
0.139576180893
0.00844594594595
0.0990099009901
0.548877624909
0.0193548387097
0.0185430463576
0.0181818181818
0.0766972477064
0.817824377457
0.466403162055
0.0385655072986
0.137254901961
0.00420168067227
0.046511627907
0.225806451613
0.0248447204969
0.0168539325843
0.0223880597015
0.0955056179775
0.0106382978723
0.27027027027
0.0
0.044776119403
0.0554397665694
0.0772128060264
0.0385852090032
0.0285714285714
0.036036036036
0.042600896861
0.267983074753
0.00943396226415
0.22
0.00607287449393
0.0048
0.122164048866
0.0193433029909
0.153094462541
0.0809282951503
0.0294117647059
0.0251396648045
0.31746031746
0.00879120879121
0.690770444386
0.0410256410256
0.021897810219
0.158205430933
0.0285714285714
0.0152284263959
0.389583333333
0.00492610837438
0.0391534391534
0.0901467505241
0.0641025641026
0.0276923076923
0.130434782609
0.00819672131148
0.110956036288
0.0659767141009
0.0366972477064
0.0289855072464
0.121399176955
0.0
0.292130985433
0.0529595015576
0.00700934579439
0.285034013605
0.0058651026393
0.0834845735027
0.0173519426631
0.0582115432252
0.0504750593824
0.0413223140496
0.0390032502709
0.00359712230216
0.00911161731207
0.0184331797235
0.465517241379
0.0944808231993
0.0
0.0012706480305
0.00724637681159
0.317100792752
0.0664335664336
0.173252279635
0.0134228187919
0.0919540229885
0.0341463414634
0.0184501845018
0.0206718346253
0.524369747899
0.00709219858156
0.606936416185
0.0357142857143
0.273901808786
0.0424948594928
0.138412542871
0.0396825396825
0.0101946246525
0.0735294117647
0.016
0.142857142857
0.0
0.302702702703
0.270676691729
0.248120300752
0.210526315789
0.174712643678
0.125
0.361344537815
0.0183486238532
0.00917431192661
0.00565504241282
0.190697674419
0.0
0.00480769230769
0.273026315789
0.0162412993039
0.0307517084282
0.0487804878049
0.088
0.108695652174
0.0
0.100723327306
0.00806451612903
0.111111111111
0.0175438596491
0.0288461538462
0.434554973822
0.056
0.00227272727273
0.384057971014
0.104651162791
0.394594594595
0.00694444444444
0.0168776371308
0.0
0.0208333333333
0.0205831903945
0.00220750551876
0.0
0.361807621476
0.0434007134364
0.041652143604
0.0891608391608
0.0620022753129
0.221088435374
0.0392156862745
0.0653846153846
0.0168175937904
0.0034965034965
0.00301659125189
0.389033942559
0.00662251655629
0.101694915254
0.139423076923
0.00442477876106
0.0261066969353
0.184259259259
0.0235849056604
0.0610687022901
0.0220994475138
0.155963302752
0.0148148148148
0.20218579235
0.0869565217391
0.114789108382
0.349531615925
0.0166270783848
0.05
0.0469798657718
0.213459516299
0.0292008196721
0.372675166686
0.174603174603
0.0880829015544
0.318518518519
0.018691588785
0.00645161290323
0.00387221684414
0.080310880829
0.0165745856354
0.440081799591
0.01
0.154341987466
0.121513944223
0.197426346089
0.0118644067797
0.0215053763441
0.0338983050847
0.479858015519
0.0975609756098
0.243523316062
0.0532994923858
0.0333333333333
0.151515151515
0.0217391304348
0.0763358778626
0.0349180768198
0.0674157303371
0.0196298373528
0.412196914034
0.128787878788
0.0352941176471
0.004
0.124129930394
0.323394495413
0.100059916117
0.0454419506789
0.0
0.00315955766193
0.0368421052632
0.00555555555556
0.176923076923
0.11465892598
0.151105651106
0.0285714285714
0.171171171171
0.0234505862647
0.0133689839572
0.0450759431651
0.212903225806
0.0289855072464
0.00337186897881
0.0222222222222
0.144560357675
0.27485380117
0.00157977883096
0.00311041990669
0.0322580645161
0.0447585394582
0.0151515151515
0.0469798657718
0.0
0.00680272108844
0.0142857142857
0.0901639344262
0.0142857142857
0.025974025974
0.0558375634518
0.0
0.0
0.00472143531634
0.0384615384615
0.0630630630631
0.143361581921
0.309734513274
0.0
0.0417799752781
0.0261437908497
0.0368421052632
0.0335536349771
0.0205011389522
0.0203488372093
0.00641025641026
0.0364145658263
0.0270354257303
0.0591350397176
0.0968809675366
0.0410334346505
0.240547689435
0.147465437788
0.0
0.125874125874
0.223404255319
0.0573248407643
0.0619307832423
0.0
1.0
0.0192307692308
0.144927536232
0.00326264274062
0.0702290076336
0.0819672131148
0.0243902439024
0.00857632933105
0.387943262411
0.308843537415
0.299435028249
0.0205128205128
0.0763358778626
0.103585657371
0.0151515151515
0.0149253731343
0.00574712643678
0.109874826147
0.00925925925926
0.0
0.1150202977
0.310469314079
0.177215189873
0.109204368175
0.0141843971631
0.0545144804089
0.0296296296296
0.0
0.0396825396825
0.00516795865633
0.0562770562771
0.222961730449
0.148734177215
0.111111111111
0.0190961171229
0.0247524752475
0.00523560209424
0.00375939849624
0.241110147441
0.0286806883365
0.0201005025126
0.00990099009901
0.163793103448
0.243055555556
0.0643776824034
0.096328607779
0.0882882882883
0.0238095238095
0.0459877991553
0.0122699386503
0.0
0.0877742946708
0.165302782324
0.0737704918033
0.0402414486922
0.0440126883426
0.0187053383775
0.0
0.0172413793103
0.336283185841
0.0510204081633
0.684210526316
0.0372480280456
0.0964912280702
0.00460829493088
0.173343044428
0.00343642611684
0.27277747101
0.00638977635783
0.0
0.0144230769231
0.216457235509
0.0632183908046
0.00869565217391
0.00802139037433
0.00347222222222
0.128205128205
0.0193548387097
0.0719910011249
0.115226337449
0.015748563704
0.0600300150075
0.0807799442897
0.0354330708661
0.00680492546986
0.00661521499449
0.00673076923077
0.0103780578206
0.00814332247557
0.747252747253
0.00491876583694
0.0529100529101
0.0677966101695
0.0994764397906
0.00735294117647
0.00310559006211
0.00769230769231
0.0774647887324
0.0916030534351
0.175438596491
0.0569620253165
0.0962837837838
0.00488997555012
0.315789473684
0.101351351351
0.00124921923798
0.0
0.394736842105
0.08984375
0.101694915254
0.0583333333333
0.188172043011
0.0878477306003
0.702290076336
0.00278164116829
0.0489596083231
0.0108303249097
0.0338983050847
0.0602409638554
0.00554371002132
0.135593220339
0.331578947368
0.0167597765363
0.00581395348837
0.0607082630691
0.103448275862
0.00704225352113
0.019801980198
0.154411764706
0.391812865497
0.0891089108911
0.00242522231205
0.206060606061
0.0420332355816
0.0134228187919
0.163420074349
0.300598802395
0.0200668896321
0.0217391304348
0.114893617021
0.0192307692308
0.00787401574803
0.23594486761
0.0
0.10685483871
0.00952380952381
0.039603960396
0.00396825396825
0.0429447852761
0.0402576489533
0.353004872767
0.190476190476
0.00392156862745
0.00569259962049
0.00697674418605
0.0273224043716
0.0948275862069
0.0955555555556
0.264462809917
0.218623481781
0.0
0.0533778148457
0.0481651376147
0.0833333333333
0.0356842282444
0.605132133282
0.406781201709
0.0636942675159
0.015376984127
0.0333951762523
0.0387596899225
0.0310880829016
0.0416666666667
0.019153593579
0.0360169491525
0.0138248847926
0.0
0.375429553265
0.0474576271186
0.0
0.050024764735
0.0153846153846
0.122164048866
0.0272727272727
0.0026455026455
0.00514138817481
0.0866752910737
0.00990099009901
0.00534759358289
0.151260504202
0.000657462195924
0.164025695931
0.0175438596491
0.0206896551724
0.00209205020921
0.0916666666667
0.0236220472441
0.0365033621518
0.0267234701782
0.02
0.119718309859
0.0110497237569
0.0104712041885
0.0307692307692
0.046332046332
0.204968944099
0.0074812967581
0.0794341675734
0.00286532951289
0.216494845361
0.0305555555556
0.0496894409938
0.133004926108
0.0184943995832
0.00574712643678
0.899608401566
0.0701978302489
0.0153846153846
0.0
0.352314929438
0.0276497695853
0.0952380952381
0.0871934604905
0.0170212765957
0.0252525252525
0.220461095101
0.504513540622
0.24584103512
0.323345817728
0.0654205607477
0.810897435897
0.00917431192661
0.0619047619048
0.125654450262
0.238167938931
0.00351699882767
0.0555555555556
0.0493601462523
0.349220898258
0.136
0.427299703264
0.11214953271
0.0115606936416
0.0295566502463
0.00657462195924
0.0976430976431
0.0079575596817
0.00925925925926
0.106209150327
0.00511073253833
0.31181619256
0.0403225806452
0.039603960396
0.0241596638655
0.05
0.341743119266
0.178523999241
0.24892321402
0.0333333333333
0.0952380952381
0.240932642487
0.030303030303
0.034632034632
0.048
0.0762711864407
0.0431034482759
0.0078125
0.00656814449918
0.145935357493
0.0573476702509
0.0538922155689
0.370853080569
0.00909090909091
0.0347826086957
0.305494505495
0.0155855096883
0.0
0.00267379679144
0.0143369175627
0.10990990991
0.00405679513185
0.179856115108
0.00917431192661
0.0109204368175
0.0239520958084
0.211473565804
0.0216606498195
0.00675675675676
0.133010882709
0.144050104384
0.00397930760048
0.0833333333333
0.0
0.0185758513932
0.0261941448382
0.0413223140496
0.0133333333333
0.276767676768
0.0814324817518
0.0390492359932
0.020325203252
0.208919839976
0.021294021294
0.0441176470588
0.0818181818182
0.0135135135135
0.0603448275862
0.327065078271
0.0593220338983
0.00701402805611
0.0141471301536
0.0506756756757
0.00645161290323
0.00420521446594
0.00934579439252
0.221902017291
0.0
0.211328976035
0.375529981829
0.169230769231
0.0032310177706
0.0113821138211
0.0428015564202
0.311900191939
0.520533880903
0.0625
0.00934579439252
0.202162162162
0.0263157894737
0.0735294117647
0.0141342756184
0.0224150397686
0.044776119403
0.0262467191601
0.00131752305665
0.0536989431591
0.162962962963
0.016620498615
0.00650054171181
0.00956937799043
0.241715660075
0.00621118012422
0.0084388185654
0.178671655753
0.0452674897119
0.00743494423792
0.134408602151
0.00456698240866
0.0822761870243
0.0137362637363
0.0104166666667
0.0492957746479
0.0124481327801
0.0
0.00587371512482
0.693661971831
0.00311526479751
0.0764331210191
0.0334728033473
0.0
0.0380952380952
0.84384787472
0.0526315789474
0.230876216968
0.0175438596491
0.0280898876404
0.027397260274
0.1796875
0.0207920792079
0.0267175572519
0.00911346717798
0.0112107623318
0.0194174757282
0.00970873786408
0.0682926829268
0.323142250531
0.0
0.0454545454545
0.0403800475059
0.0857142857143
0.380126182965
0.0196078431373
0.0110701107011
0.132075471698
0.0194174757282
0.0837438423645
0.0766666666667
0.0592105263158
0.0634920634921
0.131469869274
0.0
0.281368821293
0.0159090909091
0.299120234604
0.0222222222222
0.0434782608696
0.0
0.102963184675
0.177237700059
0.0135424091233
0.00704225352113
0.00229357798165
0.00898587933248
0.0841121495327
0.00673400673401
0.392748538012
0.00538599640934
0.0110864745011
0.0735694822888
0.386584289497
0.0016393442623
0.00751879699248
0.0521739130435
0.0597609561753
0.0407915993538
0.0179104477612
0.0238095238095
0.00704225352113
0.0032414910859
0.100055586437
0.0263435194942
0.00434782608696
0.0
0.0
0.00685602350637
0.0
0.0071530758226
0.511508951407
0.056338028169
0.116451612903
0.0529019003595
0.00877192982456
0.0416666666667
0.0
0.00621118012422
0.0189510797708
0.00117302052786
0.0010593220339
0.00595238095238
0.339317773788
0.00367647058824
0.0131233595801
0.015873015873
0.157142857143
0.0382513661202
0.0983606557377
0.0135746606335
0.0271186440678
0.0
0.00413793103448
0.0198675496689
0.16935483871
0.0262008733624
0.0903426791277
0.0269230769231
0.00938628158845
0.35
0.00541516245487
0.036036036036
0.0176470588235
0.048951048951
0.0263157894737
0.00374531835206
0.00337837837838
0.293467336683
0.047619047619
0.0116279069767
0.0881370091896
0.0178571428571
0.0111876075731
0.0601503759398
0.0793650793651
0.00806451612903
0.0110375275938
0.10067114094
0.102342786683
0.0909090909091
0.00767754318618
0.010101010101
0.288389513109
0.0265151515152
0.00549450549451
0.19262295082
0.0679611650485
0.100391134289
0.14480587618
0.0016339869281
0.00515463917526
0.00507614213198
0.0390243902439
0.0395314787701
0.0247524752475
0.290419161677
0.0334645669291
0.0
0.061797752809
0.0614035087719
0.00657894736842
0.0707070707071
0.0199335548173
0.174520069808
0.375038144644
0.0253968253968
0.025
0.0020325203252
0.0116279069767
0.060773480663
0.282874617737
0.126123876124
0.00581395348837
0.0
0.0800167574361
0.0096463022508
0.0
0.194915254237
0.30765993266
0.278256587048
0.0255220417633
0.00740740740741
0.00912408759124
0.158415841584
0.0279949558638
0.0744416873449
0.036496350365
0.0204359673025
0.031906614786
0.0582524271845
0.00992555831266
0.114018691589
0.110061145081
0.0360824742268
0.0128205128205
0.0462962962963
0.0462427745665
0.0230352303523
0.0137931034483
0.0238656452563
0.00449101796407
0.0
0.248792956546
0.412162162162
0.0127388535032
0.894809055568
0.316872427984
0.653833277536
0.056338028169
0.0530035335689
0.0018315018315
0.0140845070423
0.0238473767886
0.189960629921
0.0291262135922
0.28689370485
0.0635646032405
0.0174927113703
0.0723014256619
0.0194585448393
0.00429184549356
0.0368271954674
0.0898876404494
0.0278551532033
0.00478468899522
0.0270727580372
0.00990099009901
0.0
0.00983284169125
0.0823104693141
0.00617283950617
0.0242424242424
0.0316901408451
0.00278551532033
0.0716264345073
0.139180171592
0.0943396226415
0.03
0.062101910828
0.01875
0.00814332247557
0.161458333333
0.0377358490566
0.020725388601
0.086856264412
0.389380530973
0.84496124031
0.0
0.111504424779
0.154385964912
0.0289855072464
0.0672877846791
0.0547550432277
0.016
0.0020366598778
0.00793650793651
0.425859854431
0.218934911243
0.0637254901961
0.261083743842
0.12426035503
0.0247933884298
0.340184994861
0.00673400673401
0.00925925925926
0.0368950646862
0.427374301676
0.201438848921
0.0828025477707
0.318491356731
0.0299206921413
0.008
0.048128342246
0.0327868852459
0.00434782608696
0.0502283105023
0.275675675676
0.0851322590453
0.0275229357798
0.00154083204931
0.0402684563758
0.0418410041841
0.050430504305
0.578093306288
0.056796769852
0.0121457489879
0.0765765765766
0.0602629656684
0.0606060606061
0.0
0.0866141732283
0.00344827586207
0.164967562558
0.19014084507
0.0913537620486
0.00892857142857
0.0198237885463
0.0272727272727
0.0528541226216
0.107142857143
0.0263157894737
0.0438247011952
0.0803571428571
0.0261194029851
0.0102880658436
0.0761904761905
0.0630630630631
0.108374384236
0.0502645502646
0.0208429828624
0.0204379562044
0.0434782608696
0.204424778761
0.0296296296296
0.0977777777778
0.0971566016665
0.0
0.298850574713
0.00520833333333
0.00771604938272
0.0547945205479
0.0294117647059
0.0650887573964
0.0389016018307
0.016713091922
0.0240837696335
0.0576923076923
0.00205676676265
0.0269058295964
0.476804831183
0.13671875
0.0106007067138
0.179245283019
0.00415973377704
0.0
0.0176470588235
0.309278350515
0.30056710775
0.214975845411
0.0819672131148
0.225122349103
0.0
0.0598006644518
0.0993036633364
0.0191919191919
0.0545454545455
0.536914460285
0.190666666667
0.038974906567
0.365351629503
0.0342465753425
0.174838709677
0.250540315877
0.043920292802
0.00521376433785
0.0
0.0351020408163
0.00751879699248
0.0925124792013
0.00618151166058
0.0137931034483
0.139917695473
0.00365408038977
0.0563002680965
0.00692041522491
0.0152284263959
0.00523560209424
0.0849056603774
0.28125
0.0082304526749
0.202797202797
0.0372439478585
0.015873015873
0.0890410958904
0.636363636364
0.0120663650075
0.0043057050592
0.0
0.133986928105
0.0234899328859
0.0216216216216
0.00544959128065
0.180353031466
0.00408163265306
0.106060606061
0.245614035088
0.100221075903
0.0730593607306
0.00255863539446
0.753571428571
0.159090909091
0.112195121951
0.0890322580645
0.0285714285714
0.0988372093023
0.0495867768595
0.0307692307692
0.427188737352
0.0398230088496
0.0294117647059
0.310866574966
0.0704225352113
0.0879082696317
0.0684210526316
0.0294117647059
0.00192926045016
0.0224719101124
0.156288156288
0.0234375
0.0
0.252625437573
0.209029345372
0.371224165342
0.044776119403
0.0172166427547
0.0909090909091
0.0967741935484
0.0309555854643
0.111308079866
0.062015503876
0.0
0.00545454545455
0.019801980198
0.428048780488
0.0505548705302
0.0
0.279432624113
0.044262295082
0.00227014755959
0.0108695652174
0.0690789473684
0.0260869565217
0.0546163849155
0.00437317784257
0.0245614035088
0.0164609053498
0.0032154340836
0.275071633238
0.0758928571429
0.0454545454545
0.038062283737
0.0110497237569
0.0411764705882
0.00770308123249
0.029304029304
0.0294117647059
0.0510114335972
0.0152671755725
0.0416666666667
0.0
0.0516684607104
0.0227272727273
0.0320512820513
0.192307692308
0.0433070866142
0.031867431485
0.0138150903294
0.015873015873
0.22619047619
0.078125
0.154716981132
0.0134843581446
0.0642201834862
0.0135135135135
0.0235849056604
0.11214953271
0.0954356846473
0.00436681222707
0.019712720528
0.00947306098283
1.0
0.231307389593
0.0687789799073
0.140186915888
0.0160256410256
0.00371747211896
0.0512820512821
0.338235294118
0.317742149198
0.0322580645161
0.00354609929078
0.492111044538
0.237333333333
0.140350877193
0.726930320151
0.0679611650485
0.104294478528
0.00909090909091
0.0
0.0377833753149
0.0131826741996
0.0449775112444
0.0654205607477
0.0942928039702
0.00970873786408
0.0
0.0145631067961
0.0112474437628
0.00882352941176
1.0
0.00952380952381
0.258333333333
0.0441176470588
0.11811023622
0.00925925925926
0.0555555555556
0.0289505428227
0.117216117216
0.166666666667
0.0941558441558
0.0368785555281
0.00342465753425
0.044502617801
0.337751855779
0.354651162791
0.0384615384615
0.114549839228
0.0277136258661
0.037037037037
0.397833207357
0.0112359550562
0.0147286821705
0.0
0.00498338870432
0.0480769230769
0.0
0.0617437170338
0.0118577075099
0.006628003314
0.0302375809935
0.0
0.00186567164179
0.0444444444444
0.0298507462687
0.681073703367
0.158974358974
0.0264765784114
0.00263852242744
0.0238751147842
0.0
0.112903225806
0.308048103608
0.267067562787
0.064
0.230283911672
0.00537634408602
0.0873786407767
0.0108695652174
0.144557823129
0.00793650793651
0.106442577031
0.0143540669856
0.0538461538462
0.0152671755725
0.0140329469189
0.0287769784173
0.227941176471
0.0350877192982
0.0941828254848
0.00523560209424
0.142857142857
0.0127118644068
0.101449275362
0.0254237288136
0.0238267148014
0.0507152145644
0.0227790432802
0.0359712230216
0.0199501246883
0.00235294117647
0.274689692391
0.0
0.0817346123102
0.00311041990669
0.0633204633205
0.0744472944913
0.0136054421769
0.0230769230769
0.046511627907
0.0899122807018
0.0141509433962
0.0205479452055
0.138014527845
0.179487179487
0.0
0.0549545651233
0.0204778156997
0.0220264317181
0.0113314447592
0.0114285714286
0.0137157107232
0.104768211921
0.518884962701
0.0409356725146
0.0173913043478
0.0103092783505
0.0194174757282
0.00961538461538
0.024024024024
0.00995024875622
0.00892857142857
0.174242424242
0.0447865640308
0.0183486238532
0.0551724137931
0.294117647059
0.00459619172685
0.0189873417722
0.0898617511521
0.00997506234414
0.0106707317073
0.191681735986
0.00904977375566
0.01
0.233766233766
0.0864197530864
0.042194092827
0.00340715502555
0.0181818181818
0.0297619047619
0.0147058823529
0.0161290322581
0.00561797752809
0.0129589632829
0.0294736842105
0.0507246376812
0.0638915779284
0.0887096774194
0.092936802974
0.154977375566
0.0463917525773
0.331863609641
0.0666666666667
0.069825436409
0.372505543237
0.0322580645161
0.659167827991
0.00347222222222
0.0613156953879
0.0077519379845
0.295623145401
0.0144927536232
0.486885245902
0.0112994350282
0.0207100591716
0.0285714285714
0.0123927550048
0.122641509434
0.136690647482
0.0
0.0397912589693
0.0196779964222
0.310863874346
0.0673974827446
0.0101694915254
0.0855855855856
0.018018018018
0.0181818181818
0.196132596685
0.00371747211896
0.00536193029491
0.0625
0.257263355201
0.228205128205
0.0343347639485
0.0235294117647
0.957846715328
0.8828125
0.0125
0.119658119658
0.0185185185185
0.0178571428571
0.00139977603583
0.0758122743682
0.00421052631579
0.347368421053
0.0955296999388
0.0783972125436
0.0952380952381
0.0348101265823
0.0454545454545
0.0877192982456
0.0403037383178
0.273871527778
0.101825842697
0.0703125
0.0633036597428
0.666092943201
0.0103092783505
0.239361702128
0.184357541899
0.415514809591
0.0
0.194217939214
0.0
0.0906801007557
0.0119047619048
0.0683760683761
0.0
0.345962895218
0.0191780821918
0.008
0.0474576271186
0.0565805658057
0.00550458715596
0.0106382978723
0.0108695652174
0.0642768850433
0.0492957746479
0.590361445783
0.037037037037
0.0175438596491
0.0113636363636
0.0409165302782
0.0989052472631
0.00574712643678
0.634328358209
0.433198380567
0.0186335403727
0.059880239521
0.0160256410256
0.106060606061
0.393120835584
0.0380952380952
0.0189873417722
0.044
0.244541484716
0.00523560209424
0.00277777777778
0.00680272108844
0.10447761194
0.0399274047187
0.362831858407
0.0681986656783
0.58934169279
0.1287001287
0.09375
0.0
0.00229885057471
0.0
0.144656820156
0.122122122122
0.00740740740741
0.00711743772242
0.00077101002313
0.0116279069767
0.0874316939891
0.00596760443308
0.505976095618
0.16009557945
0.0323383084577
0.00176886792453
0.0185185185185
0.0
0.198422330097
0.00758725341426
0.291925465839
0.0173913043478
0.58407079646
0.0394431554524
0.142367066895
0.0518134715026
0.363636363636
0.00547645125958
0.255072463768
0.419243986254
0.0324074074074
0.00990099009901
0.0860215053763
0.0670685757347
0.1401179941
0.00572246065808
0.017094017094
0.00675675675676
0.0301204819277
0.00704225352113
0.174603174603
0.0894308943089
0.252398081535
0.0
0.0699417152373
0.00578034682081
0.232142857143
0.037037037037
0.219246031746
0.0446952595937
0.0282436010591
0.0114942528736
0.029702970297
0.384353741497
0.03074490513
0.0
0.0413253909159
0.0157946692991
0.0
0.145631067961
0.109243697479
0.012987012987
0.0558823529412
0.0659340659341
0.0820895522388
0.00444444444444
0.0554474708171
0.0833333333333
0.149700598802
0.0957095709571
0.00224215246637
0.0232558139535
0.0313111545988
0.0
0.0551020408163
0.0404172099087
0.200743988309
0.0758213984836
0.00813008130081
0.112211221122
0.0611111111111
0.0242844752819
0.280752532562
0.181818181818
0.0128205128205
0.318574514039
0.0272727272727
0.00467289719626
0.0776119402985
0.0
0.0198292082791
0.0146024878313
0.0569395017794
0.00513698630137
0.00840336134454
0.0257611241218
1.0
0.0567010309278
0.00441501103753
0.228295819936
0.0181347150259
0.00963081861958
0.00520833333333
0.00700525394046
0.0
0.223950233281
0.0731707317073
0.00959232613909
0.069943289225
0.239077669903
0.0447154471545
0.0155440414508
0.26002621232
0.00980392156863
0.0972434915773
0.310810810811
0.149572649573
0.030303030303
0.00673400673401
0.03519510329
0.535015164047
0.0625
0.0743685687558
0.0165562913907
0.176470588235
0.0131752305665
0.835140186916
0.201754385965
0.044776119403
0.0680399500624
0.0125786163522
0.371283538796
0.0
0.0284360189573
0.00909090909091
0.0697674418605
0.135795518523
0.0357142857143
0.0450704225352
0.0828220858896
0.4
0.011214953271
0.0564516129032
0.168573607933
0.0456026058632
0.00547536087606
0.103941402163
0.0824008138352
0.309021113244
0.0384615384615
0.275422325273
0.0358974358974
0.0
0.0178571428571
0.9
0.00514579759863
0.15558698727
0.373657433578
0.0148975791434
0.10119047619
0.0
0.432494279176
0.785851528384
0.0182149362477
0.0
0.433789954338
0.00900900900901
0.0604026845638
0.0518867924528
0.0280373831776
0.0
0.213541666667
0.178770949721
0.0421260955612
0.334586466165
0.00914634146341
0.00595829195631
0.18320610687
0.195488721805
0.0115740740741
0.0216216216216
0.0125786163522
0.155487804878
0.0
0.0483870967742
0.0137931034483
0.0138888888889
0.0703125
0.0369863013699
0.0372670807453
0.00390625
0.0111731843575
0.0648088139987
0.22932022932
0.0171102661597
0.00588235294118
0.0100502512563
0.0619834710744
0.0432098765432
0.00526315789474
0.237117117117
0.0394736842105
0.00751879699248
0.0333016175071
0.0452488687783
0.0680272108844
0.0666666666667
0.0848484848485
0.0128824476651
0.00689655172414
0.0172413793103
0.0238455715367
0.0813253012048
0.0827067669173
0.0319361277445
0.0254237288136
0.0149659863946
0.582124281413
0.0
0.00528541226216
0.00881763527054
0.0679611650485
0.00193423597679
0.00961538461538
0.315217391304
0.046511627907
0.041958041958
0.00454545454545
0.0436893203883
0.0196078431373
0.00197238658777
0.0303760848602
0.00418410041841
0.0444444444444
0.0152365677626
0.0
0.106811145511
0.678977272727
0.00826446280992
0.0111420612813
0.101132075472
0.0449438202247
0.0423634336678
0.0324825986079
0.0328638497653
0.0
0.72268907563
0.0479452054795
0.00310559006211
0.0473372781065
0.00269541778976
0.3
0.118393234672
0.100221075903
0.440159466276
0.109195402299
0.0127118644068
0.0444444444444
0.0709677419355
0.0583333333333
0.0480769230769
0.00783289817232
0.00449438202247
0.173553719008
0.0495867768595
0.0569456427955
0.0182481751825
0.047197640118
0.0116279069767
0.0236966824645
0.0588235294118
0.748387096774
0.00299401197605
0.15009380863
0.253793103448
0.0151515151515
0.0466666666667
0.199023861171
0.0561797752809
0.00866738894908
0.0471756672874
0.0410367170626
0.36545324768
0.0109289617486
0.0687022900763
0.05
0.00920245398773
0.116438356164
0.0303230059328
0.0016501650165
0.0659955257271
0.0664697193501
0.0769230769231
0.0036496350365
0.0
0.0106382978723
0.0025974025974
0.034965034965
0.11186440678
0.0536585365854
0.367346938776
0.195652173913
0.0571428571429
0.0518433179724
0.0816208393632
0.00613496932515
0.0332326283988
0.0142180094787
0.0214007782101
0.00978473581213
0.0671936758893
0.041782729805
0.0
0.016393442623
0.0143884892086
0.0
0.308850532501
0.0047619047619
0.0410821643287
0.00847457627119
0.24427480916
0.140575079872
0.025
0.00582241630277
0.357414448669
0.310650887574
0.0866698068771
0.00657894736842
0.00921658986175
0.111842105263
0.00942408376963
0.0709588092766
0.677748536441
0.0547945205479
0.16393442623
0.0333333333333
0.017094017094
0.0580357142857
0.0955056179775
0.190883190883
0.031746031746
0.056657223796
0.1171875
0.123456790123
0.0798611111111
0.0552147239264
0.144
0.0538074260541
0.00769230769231
0.04662004662
0.0228571428571
0.0604438304119
0.342857142857
0.105610561056
0.0849889624724
0.00766283524904
0.109756097561
0.0234375
0.00157480314961
0.0763285024155
0.0
0.0
0.00961538461538
0.00492610837438
0.112716763006
0.0194174757282
0.0180067001675
0.00523560209424
0.0253807106599
0.00813008130081
0.00460122699387
0.0574449339207
0.127360699235
0.0217917675545
0.237337192475
0.161290322581
0.00472440944882
0.00709219858156
0.0858895705521
0.00584795321637
0.0547945205479
0.00884955752212
0.018691588785
0.016393442623
0.473684210526
0.00444444444444
0.0398230088496
0.0229007633588
0.0151802656546
0.00874635568513
0.0131868131868
0.247933884298
0.0835322195704
0.0275229357798
0.0
0.0803571428571
0.0645161290323
0.0419947506562
0.0502793296089
0.119266055046
0.0742358078603
0.0235934664247
0.165605095541
0.0442477876106
0.295470144132
0.188307030129
0.00990099009901
0.112847222222
0.0403587443946
0.0204081632653
0.0114285714286
0.00485436893204
0.0466666666667
0.0177514792899
0.0207100591716
0.0319744204636
0.230627306273
0.0335570469799
0.235443037975
0.213836477987
0.0
0.025641025641
0.031181619256
0.0781010719755
0.104144527099
0.303754266212
0.0633802816901
0.0576923076923
0.169154228856
0.0113636363636
0.0
0.00787401574803
0.0123456790123
0.0276679841897
0.12
0.298409405256
0.00380228136882
0.12084592145
0.183962264151
0.0227272727273
0.0260869565217
0.166666666667
0.0488888888889
0.0823429541596
0.109777015437
0.0706598034628
0.0741901776385
0.0359281437126
0.0211267605634
0.0961538461538
0.00985041955491
0.130518234165
0.0197183098592
0.465838509317
0.0
0.336734693878
0.0503659811781
0.0177815410669
0.0458015267176
0.00970873786408
0.335820895522
0.00555555555556
0.113095238095
0.191053828658
0.0769230769231
0.0382978723404
0.458333333333
0.243788490125
0.685039370079
0.0359712230216
0.0464959568733
0.0571428571429
0.0298507462687
0.0331125827815
0.0380952380952
0.00505050505051
0.500417014178
0.103359173127
0.00923076923077
0.0763052208835
0.0127388535032
0.0663507109005
0.00125944584383
0.0
0.163689179375
0.050353724511
0.0211621233859
0.0324232081911
0.0074290859973
0.0
0.0078125
0.04375
0.203342618384
0.0318302387268
0.0283018867925
0.00135685210312
0.0128205128205
0.0600197190042
0.0177514792899
0.00943396226415
0.5
0.0664206642066
0.0978260869565
0.00961538461538
0.166666666667
0.0141394441736
0.0171428571429
0.292825768668
0.0200364298725
0.0416666666667
0.00796178343949
0.0142517814727
0.0523968784838
0.0892307692308
0.0245901639344
0.018315018315
0.0253807106599
0.0177562550444
0.134259259259
0.0888888888889
0.0093896713615
0.0268714011516
0.107327141383
0.0275229357798
0.0201005025126
0.265873015873
0.139285714286
0.04
0.109230233368
0.0781609195402
0.00819336337567
0.293206197855
0.0334821428571
0.06
0.0362903225806
0.0230769230769
0.0134228187919
0.0
0.623853211009
0.00647249190939
0.00913242009132
0.19940029985
0.0835913312693
0.0238095238095
0.270072992701
0.0
0.0776699029126
0.292410714286
0.00689655172414
0.00793650793651
0.0230125523013
0.446601941748
0.0276679841897
0.0183093104792
0.111456589333
0.479543666404
0.0405405405405
0.336
0.0862068965517
0.0420086914534
0.032
0.175885328836
0.0196078431373
0.0750988142292
0.012987012987
0.00896860986547
0.305785123967
0.0267080745342
0.00607902735562
0.293315143247
0.0169851380042
0.0742857142857
0.0017667844523
0.0
0.60162601626
0.0544959128065
0.18253968254
0.196721311475
0.0222882615156
0.0203045685279
0.068870523416
0.0295358649789
0.0431654676259
0.146072374228
0.00653594771242
0.0346232179226
0.0977011494253
0.0375
0.0471037555697
0.0293772032902
0.0391156462585
0.0230769230769
0.0322580645161
0.0106951871658
0.0108695652174
0.0398236814105
0.0396825396825
0.0514842300557
0.0121457489879
0.010612244898
0.0210970464135
0.0171568627451
0.398357289528
0.0261437908497
0.0714285714286
0.0500736377025
0.25138121547
0.0589622641509
0.146044624746
0.00315457413249
0.0263157894737
0.00305810397554
0.0
0.0138004246285
0.693069306931
1.0
0.0360824742268
0.048951048951
0.16814159292
0.0845070422535
0.0040899795501
0.0
0.0285714285714
0.104166666667
0.0927051671733
0.0636363636364
0.00961538461538
0.00740740740741
0.0375939849624
0.0672577193519
0.152949745084
0.0289855072464
0.0
0.0384615384615
0.017094017094
0.118705035971
0.00594059405941
0.192559221043
0.0454545454545
0.00934579439252
0.0518134715026
0.376854599407
0.0368171021378
0.0373831775701
0.239316239316
0.361111111111
0.0
0.0113636363636
0.0185185185185
0.0787878787879
0.00710059171598
0.161082614864
0.160206718346
0.0342857142857
0.0167597765363
0.0464928782585
0.0
0.0491803278689
0.0661764705882
0.0298913043478
0.0732899022801
0.0977777777778
0.0821917808219
0.270511296076
0.0625
0.102040816327
0.0294117647059
0.0276497695853
0.118226600985
0.386934673367
0.141414141414
0.220068415051
0.0777408637874
0.0
0.0357507660878
0.354811715481
1.0
0.159663865546
0.0958904109589
0.0336134453782
0.0
0.00125078173859
0.129471890971
0.00130975769483
0.00884955752212
0.0
0.353963838665
0.0116472545757
0.0132547864507
0.336134453782
0.0
0.0790378006873
0.576296542553
0.0447284345048
0.116402116402
0.0314630309386
0.00227272727273
0.160961398398
0.142857142857
0.0162254483348
1.0
0.0201816347124
0.141592920354
0.24380952381
0.0355029585799
0.0511363636364
0.10233456205
0.0251107828656
0.307575757576
0.0543825975688
0.0310559006211
0.00285714285714
0.397602397602
0.0147601476015
0.0125
0.0863636363636
0.0354767184035
0.0175438596491
0.0
0.0736434108527
0.493150684932
0.00459847465231
0.0394736842105
0.0482014388489
0.00343642611684
0.0347222222222
0.0165289256198
0.238095238095
0.278634587703
0.10171655554
0.0267639902676
0.00819672131148
0.0540540540541
0.0408163265306
0.105555555556
0.263157894737
0.0287769784173
0.0803571428571
0.00952380952381
0.0428849902534
0.1015625
0.0182648401826
0.0762711864407
0.00917431192661
0.1176753122
0.0300751879699
0.0382513661202
0.0
0.0604099244876
0.0164948453608
0.00694444444444
0.00413223140496
0.264218009479
0.307586206897
0.0243902439024
0.00518134715026
0.036177972283
0.01
0.107723577236
0.134137151469
0.625207296849
0.00737207285343
0.0136518771331
0.00862068965517
0.132978723404
0.015503875969
0.165829145729
0.0078125
0.0687830687831
0.048632218845
0.347222222222
0.0
0.0279126213592
0.0117647058824
0.0182926829268
0.0657439446367
0.018018018018
0.0292397660819
0.191011235955
0.00867052023121
0.0
0.0078125
0.0754914809961
0.00518134715026
0.0608695652174
0.0172413793103
0.00792602377807
0.0211267605634
0.0307467057101
0.216560509554
0.030487804878
0.0650069156293
0.067264573991
0.1640625
0.0
0.0614886731392
0.0
0.0341614906832
0.0
0.0506706408346
0.192419825073
0.0706510138741
0.0378151260504
0.125
0.0181818181818
0.0555555555556
0.18152350081
0.0619469026549
0.0837438423645
0.0842615012107
0.208588957055
0.103076923077
0.242119089317
0.399917965546
0.231002119285
0.016768960982
0.0485436893204
0.133819951338
0.208333333333
0.00832072617247
0.0737704918033
0.0829015544041
0.0169491525424
0.0434782608696
0.0640845070423
0.00680272108844
0.0701754385965
0.257575757576
0.0169491525424
0.0089605734767
0.00980392156863
0.423246181724
0.0467479674797
0.101818181818
0.00423728813559
0.0
0.0423728813559
0.0801104972376
0.0147058823529
0.0283224400871
0.00961538461538
0.0816326530612
0.0408653846154
0.172839506173
0.0852994555354
0.00898203592814
0.027397260274
0.39898989899
0.0614754098361
0.422413793103
0.00571428571429
0.013698630137
0.0152671755725
0.0326797385621
0.171641791045
0.0
0.0876803551609
0.0511796733212
0.030303030303
0.0717488789238
0.0450160771704
0.232696897375
0.0315512708151
0.00990099009901
0.0266666666667
0.0120937263794
0.0
0.461739130435
0.00966183574879
0.0357142857143
0.186607142857
0.0166130760986
0.224358974359
0.182242990654
0.0243902439024
0.00952380952381
0.0254237288136
0.070821529745
0.0
0.0363636363636
0.0243902439024
0.0635838150289
0.0737100737101
0.0535714285714
0.0634146341463
0.230522088353
0.00172711571675
0.0608108108108
0.0416666666667
0.03
0.0504201680672
0.0138888888889
0.112956810631
0.195505617978
0.0600775193798
0.153488372093
0.145578231293
0.0155844155844
0.0361445783133
0.0375
0.0
0.00970873786408
0.30258302583
0.00655737704918
0.129213483146
